%YAML:1.0
---
camera_matrix: !!opencv-matrix
   rows: 3
   cols: 3
   dt: d
   data: [ 9.4719122518666165e+02, 0., 3.6503231069705140e+02, 0.,
       9.4689129482432998e+02, 6.8124629588369328e+02, 0., 0., 1. ]
distortion_coefficients: !!opencv-matrix
   rows: 1
   cols: 5
   dt: d
   data: [ 3.8765388336612465e-02, -2.1382107198081771e-02,
       1.0912465299009401e-03, -5.4834033980690085e-04,
       -4.1117736013852019e-02 ]
avg rms err: 5.7339992108659081e-02
